9565
9566
9567
9568
9569
9570
9571
9572
9573
9574
9880
9881
9882
9883
9884
9980
9981
9982
9983
10030
10031
10032
10033
10034
10080
10081
10082
10083
10084
10130
10131
10132
10133
10134
10180
10181
10182
10183
10184
10230
10231
10232
10233
10234
10380
10381
10382
10383
10384
10480
10481
10482
10483
10580
10581
10582
10583
10584
10730
10731
10732
10733
10734
10280
10430
10431
10432
10433
10434
10530
10531
10532
10533
10534
10630
10631
10632
10633
10634
10680
10681
10682
10683
10684
10780
10781
10782
10783
10784
9820
9821
9822
9823
9824
9825
9826
9827
9828
9829
10830
10831
10832
10833
10834
10835
10836
10837
10838
10839
10880
10881
10882
10883
10884
10885
10886
10887
10888
10889
10930
10931
10932
10933
10934
10935
10936
10937
10938
10939
10980
10981
10982
10983
10984
10985
10986
10987
10988
10989
11030
11031
11032
11033
11034
11035
11036
11037
11038
11039
11080
11081
11082
11083
11084
11085
11086
11087
11088
11089
11130
11131
11132
11133
11134
11135
11136
11137
11138
11139
11180
11181
11182
11183
11184
11185
11186
11187
11188
11189
11230
11231
11232
11233
11234
11235
11236
11237
11238
11239
11280
11281
11282
11283
11284
11285
11286
11287
11288
11289
11330
11331
11332
11333
11334
11335
11336
11337
11338
11339
11430
11431
11432
11433
11435
11436
11437
11438
11439
11480
11481
11482
11483
11484
11530
11531
11532
11533
11534
11535
11536
11537
11538
11539
11580
11581
11582
11583
11584
11585
11586
11587
11588
11589
11630
11631
11632
11633
11634
11635
11636
11637
11638
11639
11640
11641
11642
11643
11644
11645
11646
11647
11648
11649
11690
11691
11692
11693
11694
11695
11696
11697
11698
11699